6666667666666766666676666667666666766666676666666673333333377733333333
6677777667766766776676677667667777766777777776677773311113377733111133
6677777667766766776676677667666667766777777776677773311113377733111133
6677777667766766776676677667667777766777777776677773311113377733111133
6666667666666766776676677667666666766666677776677773311113377733111133
7777777777777777777777777777777777777777777777777773311113333333111133
7777777777777777777777777777777777777777777777777773311111111111111133
7777777777777777777777777777777777777777777777777773311111111111111133
7777777777777777777777777777777777777777777777777773333333333333111133
7777777777777777777777777777777777777777777777777777777777777733111133
7777777777777777777777777777777777777777777777777777777777777733111133
7777777777777777777777777777777777777777777777777777777777777733111133
7777777777777777777777777777777777777777777777777777777777777733111133
7777777777777777777777777666667777777777777777777777777777777733333333
7777777777777777777776666666566666667777777777777777777777777777777777
7777777777777777777766655554555555556667777777777777777777777777777777
7777777733333333335566644444444444455556667777777777777777777777777777
7773333331111111115556644444444444444455556677777777777777777777777777
7333311115552223333556664444444446666666555666777777777777777777777777
3331155522233333333555666444444666666666655566677777777777777777777777
3331552223333333333355556664446666666666666566677777777777777777777777
1333322233333333333335555556666666666666666556667777777777777777777777
1113333333333333333333355555556666666666666666667777777777777777777777
7111111133333333333333311555555556666666666666622222222227777777777777
7771111111111111111111111112555555555555555552222222222222222227777777
7777777711111111111111122222222255555555555222222222222222222227777777
7777777777777777222222222222277777777222222222222222222227777777777777
