777777777777222227777777777777777
777777722222222277777777777777777
777772222222222777777777777777777
777222222222227777777777777772777
772222222222277777777777777722277
722222222222777777777777777222227
222222222227777777777777772222222
222222222277777777777777722222222
222222222277777777777777222222222
222222222227777777777772222222222
222222222222227777777222222222222
722222222222222222222222222222227
772222222222222222222222222222277
777222222222222222222222222222777
777772222222222222222222222277777
777777722222222222222222227777777
777777777222222222222222777777777
777777777222222222222222777777777
777777777222222222222222777777777
777777777222222222222222777777777
777777777222222222222222777777777
777777777222222222222222777777777
